16916
62493
30198
53683
40185
28781
24462
48399
64815
18295
12218
22760
57982
27966
54894
38929
32865
64243
2315
64454
55041
18633
14557
61006
62615
7591
64747
6727
32315
60645
6308
45688
969
40891
49294
41118
21395
6091
32541
17665
3784
28718
59240
40178
60086
42252
44770
22514
3067
15757
31649
10842
43765
33405
44954
56657
5003
50227
19358
36529
10392
58882
5129
58554
58584
27444
58982
51476
6796
21311
30705
28964
41003
20259
57857
63258
36374
692
43121
48128
34561
49213
36922
59162
50552
17866
18145
3884
54388
42932
46919
58892
8620
38336
64357
23387
42632
15913
15679
22501
37540
5527
63921
62716
32874
64390
63101
61802
19648
29031
44981
28092
9448
44744
61496
31453
60746
12199
62255
21793
26544
14964
41462
56089
52038
47982
59484
50924
6942
34998
27069
51926
60645
43181
10559
4664
28578
59516
38912
63562
64846
62938
27194
28804
61703
10998
6596
37721
43430
22692
62971
47125
52521
34646
32889
13055
65416
62869
57314
12659
14052
32956
49273
50352
49737
15555
47475
15328
34621
51365
32820
48855
12224
2035
60539
14595
13853
24143
15216
8113
22640
32978
39151
19520
58141
63959
53040
55842
585
51229
64181
54879
28210
10268
15395
12884
2149
53483
59606
14981
36672
23197
36518
13361
19810
25955
62678
26021
29409
38111
58573
56840
41306
54426
3617
50652
41452
20241
31723
53747
28550
23402
21205
56181
57470
39933
34964
24781
41747
62564
58461
20858
49301
40572
23840
35278
62905
56650
11149
38920
23430
57592
3080
6677
50704
51883
62799
20188
1245
12220
17602
28609
42694
29826
13827
27336
53343
11533
41713
33890
4894
57599
3870
58622
29780
62553
2303
51915
6251
38107
59325
61295
26699
51188
59519
7345
20325
39633
1562
7580
8170
62256
35823
27790
13191
9772
7477
44455
59546
49347
36539
12453
49640
28290
44817
8565
16399
41934
45457
33856
19498
17661
63829
42034
28928
30711
8800
52335
38775
52704
24380
19602
57998
2919
8362
17884
45737
47894
59667
10385
52782
64416
40946
16778
27159
24324
32450
9108
65305
19575
11117
65170
58013
61676
63510
17458
54675
1713
55105
65321
45278
26256
64198
29441
1928
39425
32000
28549
46295
22772
58228
63525
32602
46195
55849
46454
7487
33879
42004
8599
18641
49015
26830
34754
14668
38362
38791
4171
45975
14623
62393
64658
10963
9058
51031
32425
45483
44611
63664
54920
7663
56480
1489
28438
65449
12441
58530
63570
26251
15972
35826
5491
54253
49655
5868
20163
51079
21398
32756
64196
43218
21583
25086
45515
12893
22914
58969
20094
13730
44059
28931
13533
33134
28483
1220
38174
53502
43328
4970
8090
2661
53903
11025
26627
18117
14505
61528
20423
26962
36392
11365
50882
41668
30497
36216
5619
36983
59557
36663
36436
37057
23585
58791
46666
64475
21615
41090
1771
47513
39338
1390
38772
58149
7196
9123
7491
